# Created by Octave 4.2.2, Thu Aug 27 11:11:02 2020 +0545 <kishor@kishor>
# name: A
# type: matrix
# rows: 3
# columns: 3
 1 2 3
 4 5 6
 7 8 9


